[gfaydark]
Felwithe_entrance=-2593.4 -1926.87 20.4082 
Wizard_spires=-468.655 -1964.24 -3.33974
Felwithe_zone=-2660.86 -1928.75 23.85 
[felwithea]
Banker=-454.216 -62.6186 0.00200076 
gfay_zonein=165.966 42.3781 0.00200076  
staging_area=-490.996 -35.1643 0.00200076 
sell=-386.112 -80.3814 0.00200076 
[cazicthule]
Wizard_spire=0 0 0 
feerott_zoneout=-72.6105 20.46 0.00200076 
[feerrott]
fear_portal=2592.48 -2118.85 0.00200076 
[qey2hh1]
spires=-14815 -3569 32.8859 
wp1=-8977.74 -2233.88 31.0766  
wp2=-5993.81 -1000.12 7.83806 
wp3=-2983.93 0.742266 -3.9355 
wp4=-997.412 -0.368872 -6.998 
qeytoqrg=65 55 -6.998    
southnk=-16020 -3690 -3.9355     
[Settings]
AutoBreak=off
AutoPause=off
AutoReload=on
ShowUI=on
ShowNavPath=on
UseSpawnFloorHeight=on
UseFindPolygonExtents=off
FindPolygonExtentsX=2
FindPolygonExtentsY=4
FindPolygonExtentsZ=2
OpenDoors=on
MapLineEnabled=on
MapLineColor=4278255360
MapLineLayer=3
VisualNavPathBorderColor=0
VisualNavPathHiddenColor=14391348
VisualNavPathVisibleColor=1033457
VisualNavPathLinkColor=14365848
VisualNavPathVisibleOpacity=0.800000
VisualNavPathHiddenOpacity=0.600000
VisualNavPathBorderWidth=0.200000
VisualNavPathLineWidth=0.900000
DebugRenderPathing=off
